7 7 14.4141 12.9141 11.4141 9.91413 8.41413 6.91413 5.41413 3.91413 2.41413 0.914126
7 6 14.3561 12.8561 11.3561 9.85607 8.35607 6.85607 5.35607 3.85607 2.35607 0.856067
7 5 14.298 12.798 11.298 9.79801 8.29801 6.79801 5.29801 3.79801 2.29801 0.798008
7 4 14.2399 12.7399 11.2399 9.73995 8.23995 6.73995 5.23995 3.73995 2.23995 0.739949
7 3 14.1819 12.6819 11.1819 9.68189 8.18189 6.68189 5.18189 3.68189 2.18189 0.681891
7 2 14.1238 12.6238 11.1238 9.62383 8.12383 6.62383 5.12383 3.62383 2.12383 0.623832
7 1 14.0658 12.5658 11.0658 9.56577 8.06577 6.56577 5.06577 3.56577 2.06577 0.565773
7 0 14.0077 12.5077 11.0077 9.50771 8.00771 6.50771 5.00771 3.50771 2.00771 0.507714
6 7 14.3946 12.8946 11.3946 9.89461 8.39461 6.89461 5.39461 3.89461 2.39461 0.894606
6 6 14.3365 12.8365 11.3365 9.83655 8.33655 6.83655 5.33655 3.83655 2.33655 0.836547
6 5 14.2785 12.7785 11.2785 9.77849 8.27849 6.77849 5.27849 3.77849 2.27849 0.778488
6 4 14.2204 12.7204 11.2204 9.72043 8.22043 6.72043 5.22043 3.72043 2.22043 0.720429
6 3 14.1624 12.6624 11.1624 9.66237 8.16237 6.66237 5.16237 3.66237 2.16237 0.662371
6 2 14.1043 12.6043 11.1043 9.60431 8.10431 6.60431 5.10431 3.60431 2.10431 0.604312
6 1 14.0463 12.5463 11.0463 9.54625 8.04625 6.54625 5.04625 3.54625 2.04625 0.546253
6 0 13.9882 12.4882 10.9882 9.48819 7.98819 6.48819 4.98819 3.48819 1.98819 0.488194
5 7 14.3751 12.8751 11.3751 9.87509 8.37509 6.87509 5.37509 3.87509 2.37509 0.875086
5 6 14.317 12.817 11.317 9.81703 8.31703 6.81703 5.31703 3.81703 2.31703 0.817027
5 5 14.259 12.759 11.259 9.75897 8.25897 6.75897 5.25897 3.75897 2.25897 0.758968
5 4 14.2009 12.7009 11.2009 9.70091 8.20091 6.70091 5.20091 3.70091 2.20091 0.700909
5 3 14.1429 12.6429 11.1429 9.64285 8.14285 6.64285 5.14285 3.64285 2.14285 0.642851
5 2 14.0848 12.5848 11.0848 9.58479 8.08479 6.58479 5.08479 3.58479 2.08479 0.584792
5 1 14.0267 12.5267 11.0267 9.52673 8.02673 6.52673 5.02673 3.52673 2.02673 0.526733
5 0 13.9687 12.4687 10.9687 9.46867 7.96867 6.46867 4.96867 3.46867 1.96867 0.468674
4 7 14.3556 12.8556 11.3556 9.85557 8.35557 6.85557 5.35557 3.85557 2.35557 0.855566
4 6 14.2975 12.7975 11.2975 9.79751 8.29751 6.79751 5.29751 3.79751 2.29751 0.797507
4 5 14.2394 12.7394 11.2394 9.73945 8.23945 6.73945 5.23945 3.73945 2.23945 0.739448
4 4 14.1814 12.6814 11.1814 9.68139 8.18139 6.68139 5.18139 3.68139 2.18139 0.681389
4 3 14.1233 12.6233 11.1233 9.62333 8.12333 6.62333 5.12333 3.62333 2.12333 0.623331
4 2 14.0653 12.5653 11.0653 9.56527 8.06527 6.56527 5.06527 3.56527 2.06527 0.565272
4 1 14.0072 12.5072 11.0072 9.50721 8.00721 6.50721 5.00721 3.50721 2.00721 0.507213
4 0 13.9492 12.4492 10.9492 9.44915 7.94915 6.44915 4.94915 3.44915 1.94915 0.449154
3 7 14.336 12.836 11.336 9.83605 8.33605 6.83605 5.33605 3.83605 2.33605 0.836046
3 6 14.278 12.778 11.278 9.77799 8.27799 6.77799 5.27799 3.77799 2.27799 0.777987
3 5 14.2199 12.7199 11.2199 9.71993 8.21993 6.71993 5.21993 3.71993 2.21993 0.719928
3 4 14.1619 12.6619 11.1619 9.66187 8.16187 6.66187 5.16187 3.66187 2.16187 0.661869
3 3 14.1038 12.6038 11.1038 9.60381 8.10381 6.60381 5.10381 3.60381 2.10381 0.603811
3 2 14.0458 12.5458 11.0458 9.54575 8.04575 6.54575 5.04575 3.54575 2.04575 0.545752
3 1 13.9877 12.4877 10.9877 9.48769 7.98769 6.48769 4.98769 3.48769 1.98769 0.487693
3 0 13.9296 12.4296 10.9296 9.42963 7.92963 6.42963 4.92963 3.42963 1.92963 0.429634
2 7 14.3165 12.8165 11.3165 9.81653 8.31653 6.81653 5.31653 3.81653 2.31653 0.816526
2 6 14.2585 12.7585 11.2585 9.75847 8.25847 6.75847 5.25847 3.75847 2.25847 0.758467
2 5 14.2004 12.7004 11.2004 9.70041 8.20041 6.70041 5.20041 3.70041 2.20041 0.700408
2 4 14.1423 12.6423 11.1423 9.64235 8.14235 6.64235 5.14235 3.64235 2.14235 0.642349
2 3 14.0843 12.5843 11.0843 9.58429 8.08429 6.58429 5.08429 3.58429 2.08429 0.584291
2 2 14.0262 12.5262 11.0262 9.52623 8.02623 6.52623 5.02623 3.52623 2.02623 0.526232
2 1 13.9682 12.4682 10.9682 9.46817 7.96817 6.46817 4.96817 3.46817 1.96817 0.468173
2 0 13.9101 12.4101 10.9101 9.41011 7.91011 6.41011 4.91011 3.41011 1.91011 0.410114
1 7 14.297 12.797 11.297 9.79701 8.29701 6.79701 5.29701 3.79701 2.29701 0.797006
1 6 14.2389 12.7389 11.2389 9.73895 8.23895 6.73895 5.23895 3.73895 2.23895 0.738947
1 5 14.1809 12.6809 11.1809 9.68089 8.18089 6.68089 5.18089 3.68089 2.18089 0.680888
1 4 14.1228 12.6228 11.1228 9.62283 8.12283 6.62283 5.12283 3.62283 2.12283 0.622829
1 3 14.0648 12.5648 11.0648 9.56477 8.06477 6.56477 5.06477 3.56477 2.06477 0.564771
1 2 14.0067 12.5067 11.0067 9.50671 8.00671 6.50671 5.00671 3.50671 2.00671 0.506712
1 1 13.9487 12.4487 10.9487 9.44865 7.94865 6.44865 4.94865 3.44865 1.94865 0.448653
1 0 13.8906 12.3906 10.8906 9.39059 7.89059 6.39059 4.89059 3.39059 1.89059 0.390594
0 7 14.2775 12.7775 11.2775 9.77749 8.27749 6.77749 5.27749 3.77749 2.27749 0.777486
0 6 14.2194 12.7194 11.2194 9.71943 8.21943 6.71943 5.21943 3.71943 2.21943 0.719427
0 5 14.1614 12.6614 11.1614 9.66137 8.16137 6.66137 5.16137 3.66137 2.16137 0.661368
0 4 14.1033 12.6033 11.1033 9.60331 8.10331 6.60331 5.10331 3.60331 2.10331 0.603309
0 3 14.0453 12.5453 11.0453 9.54525 8.04525 6.54525 5.04525 3.54525 2.04525 0.545251
0 2 13.9872 12.4872 10.9872 9.48719 7.98719 6.48719 4.98719 3.48719 1.98719 0.487192
0 1 13.9291 12.4291 10.9291 9.42913 7.92913 6.42913 4.92913 3.42913 1.92913 0.429133
0 0 13.8711 12.3711 10.8711 9.37107 7.87107 6.37107 4.87107 3.37107 1.87107 0.371074
